2000.000     49.000      0.028        NaN      0.444      0.000
2000.000     57.000      0.371      0.096      0.558      0.000
2000.000     89.000      0.198      0.093      0.472      0.472
2000.000    105.000      0.390      0.082      0.656      0.656
2000.000    113.000      0.038        NaN      0.472      0.472
2000.000    121.000      0.500      0.076      0.533      0.533
2000.000    129.000      0.204      0.087      0.381      0.381
2000.000    137.000      0.493      0.097      0.694      0.694
2000.000    145.000      0.616      0.103      0.711      0.711
2000.000    153.000      0.702      0.087      0.800      0.800
2000.000    161.000      0.647      0.090      0.822      0.822
2000.000    169.000      0.651      0.091      0.656      0.656
2000.000    177.000      0.700      0.081      0.756      0.756
2000.000    185.000      0.692      0.078      0.822      0.822
2000.000    193.000      0.712      0.110      0.800      0.800
2000.000    201.000      0.693      0.077      0.600      0.600
2000.000    209.000      0.590      0.070      0.533      0.533
2000.000    225.000      0.667      0.123      0.800      0.800
2000.000    233.000      0.558      0.083      0.500      0.500
2000.000    241.000      0.693      0.107      0.933      0.933
2000.000    249.000      0.721      0.080      0.933      0.933
2000.000    257.000      0.659      0.101      1.000      1.000
2000.000    265.000      0.659      0.108      0.800      0.800
2000.000    273.000      0.626      0.099      0.822      0.822
2000.000    281.000      0.610      0.092      0.728      0.728
2000.000    289.000      0.609      0.091      0.911      0.911
2000.000    297.000      0.649      0.087      0.822      0.822
2000.000    305.000      0.579      0.081      0.556      0.556
2000.000    313.000      0.637      0.063      0.483      0.000
2000.000    321.000      0.557      0.099      0.722      0.000
2000.000    329.000      0.580      0.092      0.500      0.000
2000.000    337.000      0.636      0.094      0.611      0.000
2000.000    345.000      0.152        NaN      0.583      0.000
2000.000    353.000      0.377      0.092      0.436      0.000
2000.000    361.000      0.593      0.084      0.589      0.000
2001.000      1.000      0.647      0.096      0.594      0.000
2001.000      9.000      0.570      0.090      0.456      0.000
2001.000     17.000      0.572      0.096      0.639      0.000
2001.000     25.000      0.468      0.081      0.372      0.000
2001.000     33.000      0.458      0.072      0.406      0.000
2001.000     41.000      0.530      0.103      0.556      0.000
2001.000     49.000      0.464      0.054      0.678      0.000
2001.000     57.000      0.391      0.079      0.508      0.000
2001.000     65.000      0.339        NaN      0.617      0.000
2001.000     73.000      0.324      0.083      0.600      0.000
2001.000     81.000      0.273      0.100      0.672      0.000
2001.000     89.000      0.210      0.092      0.389      0.389
2001.000     97.000      0.334      0.067      0.603      0.603
2001.000    105.000      0.234      0.087      0.417      0.417
2001.000    113.000      0.206      0.056      0.689      0.689
2001.000    121.000      0.367      0.082      0.611      0.611
2001.000    129.000      0.478      0.068      0.567      0.567
2001.000    137.000      0.416      0.064      0.833      0.833
2001.000    145.000      0.624      0.103      0.756      0.756
2001.000    153.000      0.638      0.089      0.933      0.933
2001.000    161.000      0.550      0.059      0.878      0.878
2001.000    185.000      0.660      0.088      0.578      0.578
2001.000    193.000      0.697      0.086      1.000      1.000
2001.000    201.000      0.660      0.083      0.833      0.833
2001.000    209.000      0.740      0.079      0.756      0.756
2001.000    217.000      0.362      0.070      0.706      0.706
2001.000    225.000      0.713      0.088      1.000      1.000
2001.000    233.000      0.662      0.084      0.767      0.767
2001.000    241.000      0.700      0.101      0.633      0.633
2001.000    249.000      0.677      0.122      0.811      0.811
2001.000    257.000      0.638      0.104      1.000      1.000
2001.000    265.000      0.582      0.098      0.944      0.944
2001.000    273.000      0.653      0.107      0.500      0.500
2001.000    281.000      0.624      0.096      0.622      0.622
2001.000    289.000      0.444      0.069      0.722      0.722
2001.000    297.000      0.589      0.093      0.583      0.583
2001.000    313.000      0.628      0.093      0.600      0.600
2001.000    321.000      0.701      0.096      0.678      0.678
2001.000    329.000      0.594      0.087      0.528      0.528
2001.000    337.000      0.580      0.090      0.556      0.000
2001.000    345.000      0.544      0.076      0.528      0.000
2001.000    353.000      0.626      0.086      0.711      0.000
2001.000    361.000      0.657      0.098      0.567      0.000
2002.000      1.000      0.604      0.091      0.472      0.000
2002.000      9.000      0.463      0.074      0.394      0.000
2002.000     17.000      0.542      0.081      0.442      0.000
2002.000     25.000      0.562      0.080      0.236      0.000
2002.000     33.000      0.556      0.083      0.517      0.000
2002.000     41.000      0.391      0.080      0.300      0.000
2002.000     49.000      0.310      0.094      0.400      0.000
2002.000     57.000      0.293      0.064      0.194      0.000
2002.000     65.000      0.470      0.082      0.489      0.000
2002.000     73.000      0.201        NaN      0.361      0.000
2002.000     89.000      0.442      0.066      0.422      0.000
2002.000     97.000      0.400      0.073      0.689      0.000
2002.000    105.000      0.547      0.079      0.667      0.000
2002.000    113.000      0.521      0.080      0.778      0.000
2002.000    121.000      0.533      0.084      0.683      0.000
2002.000    129.000      0.361      0.053      1.000      1.000
2002.000    137.000      0.530      0.093      0.667      0.667
2002.000    145.000      0.562      0.111      0.756      0.756
2002.000    153.000      0.611      0.083      0.922      0.922
2002.000    161.000      0.680      0.089      0.833      0.833
2002.000    169.000      0.649      0.093      0.844      0.844
2002.000    177.000      0.803      0.073      0.500      0.500
2002.000    185.000      0.701      0.106      0.556      0.556
2002.000    193.000      0.729      0.077      0.778      0.778
2002.000    201.000      0.642      0.094      0.667      0.667
2002.000    209.000      0.710      0.081      0.544      0.544
2002.000    217.000      0.681      0.110      0.978      0.978
2002.000    225.000      0.701      0.083      0.739      0.739
2002.000    233.000      0.658      0.114      1.000      1.000
2002.000    241.000      0.659      0.091      1.000      1.000
2002.000    249.000      0.072      0.090      0.533      0.533
2002.000    257.000      0.672      0.116      0.856      0.856
2002.000    265.000      0.644      0.101      1.000      1.000
2002.000    273.000      0.467      0.062      0.917      0.917
2002.000    281.000      0.601      0.099      0.778      0.778
2002.000    289.000      0.647      0.088      0.933      0.933
2002.000    297.000      0.570      0.096      0.572      0.572
2002.000    305.000      0.473      0.096      0.533      0.533
2002.000    313.000      0.359      0.062      0.547      0.547
2002.000    321.000      0.582      0.079      0.767      0.767
2002.000    329.000      0.608      0.090      0.567      0.000
2002.000    353.000      0.529      0.080      0.250      0.000
2002.000    361.000      0.496      0.098      0.406      0.000
2003.000      1.000      0.544      0.086      0.492      0.000
2003.000      9.000      0.599      0.079      0.678      0.000
2003.000     17.000      0.469      0.064      0.567      0.000
2003.000     25.000      0.481      0.079      0.467      0.000
2003.000     33.000      0.442      0.096      0.339      0.000
2003.000     41.000      0.234      0.000      0.278      0.000
2003.000     49.000      0.341      0.078      0.611      0.000
2003.000     57.000      0.262      0.103      0.283      0.000
2003.000     65.000      0.361      0.064      0.544      0.000
2003.000     73.000      0.216        NaN      0.275      0.000
2003.000     81.000      0.262      0.076      0.383      0.000
2003.000     89.000      0.248      0.092      0.389      0.000
2003.000     97.000      0.260      0.085      0.422      0.000
2003.000    105.000      0.201      0.090      0.542      0.000
2003.000    113.000      0.312      0.094      0.578      0.000
2003.000    121.000      0.242        NaN      0.522      0.000
2003.000    129.000      0.358      0.081      0.544      0.000
2003.000    137.000      0.491      0.082      0.422      0.422
2003.000    145.000      0.591      0.088      0.911      0.911
2003.000    153.000      0.652      0.117      0.622      0.622
2003.000    161.000      0.629      0.089      0.689      0.689
2003.000    169.000      0.531      0.063      0.778      0.778
2003.000    177.000      0.682      0.089      0.806      0.806
2003.000    185.000      0.718      0.092      0.867      0.867
2003.000    193.000      0.729      0.084      0.678      0.678
2003.000    201.000      0.482      0.067      0.500      0.500
2003.000    209.000      0.577      0.074      1.000      1.000
2003.000    217.000      0.744      0.069      0.533      0.533
2003.000    225.000      0.728      0.094      0.778      0.778
2003.000    249.000      0.320      0.077      0.461      0.461
2003.000    265.000      0.661      0.117      0.639      0.639
2003.000    273.000      0.548      0.086      0.900      0.900
2003.000    281.000      0.627      0.111      0.822      0.822
2003.000    289.000      0.661      0.093      1.000      1.000
2003.000    297.000      0.644      0.088      0.956      0.956
2003.000    305.000      0.664      0.084      0.444      0.444
2003.000    313.000      0.391      0.108      0.486      0.486
2003.000    321.000      0.571      0.092      0.539      0.000
2003.000    329.000      0.617      0.092      0.500      0.000
2003.000    337.000      0.574      0.083      0.661      0.000
2003.000    345.000      0.366      0.088      0.575      0.000
2003.000    353.000      0.086        NaN      0.333      0.000
2003.000    361.000      0.584      0.074      0.644      0.000
2004.000      1.000      0.407      0.055      0.494      0.000
2004.000      9.000      0.570      0.089      0.500      0.000
2004.000     17.000      0.551      0.094      0.472      0.000
2004.000     25.000      0.392      0.084      0.339      0.000
2004.000     33.000      0.218      0.100      0.239      0.000
2004.000     41.000      0.283      0.093      0.372      0.000
2004.000     49.000      0.244        NaN      0.525      0.000
2004.000     57.000      0.289      0.062      0.572      0.000
2004.000     65.000      0.439      0.090      0.467      0.000
2004.000     73.000      0.413      0.084      0.500      0.000
2004.000     81.000      0.469      0.087      0.544      0.000
2004.000     89.000      0.484      0.080      0.450      0.000
2004.000     97.000      0.211        NaN      0.283      0.283
2004.000    105.000      0.419      0.054      0.439      0.439
2004.000    113.000      0.296      0.074      0.422      0.422
2004.000    121.000      0.457      0.063      0.556      0.556
2004.000    129.000      0.484      0.092      0.700      0.700
2004.000    137.000      0.458      0.043      0.733      0.733
2004.000    145.000      0.563      0.107      0.667      0.667
2004.000    153.000      0.648      0.076      0.833      0.833
2004.000    161.000      0.652      0.089      0.611      0.611
2004.000    169.000      0.653      0.093      0.867      0.867
2004.000    177.000      0.593      0.081      0.700      0.700
2004.000    193.000      0.592      0.096      0.822      0.822
2004.000    201.000      0.657      0.066      0.789      0.789
2004.000    209.000      0.764      0.097      0.611      0.611
2004.000    217.000      0.691      0.091      0.889      0.889
2004.000    225.000      0.710      0.088      0.800      0.800
2004.000    233.000      0.553      0.077      0.700      0.700
2004.000    241.000      0.706      0.107      0.867      0.867
2004.000    249.000      0.727      0.100      0.822      0.822
2004.000    257.000      0.640      0.098      0.844      0.844
2004.000    265.000      0.479      0.055      0.589      0.589
2004.000    273.000      0.420      0.076      0.578      0.578
2004.000    281.000      0.643      0.108      0.739      0.739
2004.000    289.000      0.592      0.092      0.511      0.511
2004.000    297.000      0.582      0.089      0.650      0.650
2004.000    305.000      0.583      0.092      0.561      0.561
2004.000    313.000      0.544      0.087      0.694      0.694
2004.000    321.000      0.591      0.091      0.417      0.417
2004.000    329.000      0.418      0.095      0.439      0.000
2004.000    337.000      0.560      0.087      0.600      0.000
2004.000    345.000      0.471      0.077      0.497      0.000
2004.000    353.000      0.547      0.099      0.572      0.000
2004.000    361.000      0.479      0.094      0.517      0.000
2005.000      1.000      0.600      0.092      0.661      0.000
2005.000      9.000      0.416      0.058      0.522      0.000
2005.000     17.000      0.554      0.090      0.472      0.000
2005.000     25.000      0.568      0.073      0.400      0.000
2005.000     33.000      0.399      0.073      0.417      0.000
2005.000     41.000      0.399      0.096      0.367      0.000
2005.000     49.000      0.379      0.070      0.667      0.000
2005.000     57.000      0.367      0.050      0.600      0.000
2005.000     65.000      0.333      0.073      0.578      0.000
2005.000     73.000      0.163      0.080      0.261      0.000
2005.000     81.000      0.248      0.066      0.311      0.000
2005.000     89.000      0.352      0.079      0.644      0.000
2005.000     97.000      0.336      0.087      0.278      0.000
2005.000    105.000      0.334      0.000      0.578      0.000
2005.000    113.000      0.129        NaN      0.381      0.000
2005.000    121.000      0.111        NaN      0.411      0.000
2005.000    129.000      0.323      0.091      0.544      0.544
2005.000    137.000      0.549      0.090      0.444      0.444
2005.000    145.000      0.597      0.092      0.778      0.778
2005.000    153.000      0.594      0.096      0.778      0.778
2005.000    161.000      0.598      0.100      0.844      0.844
2005.000    169.000      0.497      0.049      0.722      0.722
2005.000    177.000      0.633      0.077      0.833      0.833
2005.000    185.000      0.660      0.067      0.644      0.644
2005.000    193.000      0.687      0.060      0.567      0.567
2005.000    201.000      0.656      0.084      0.567      0.567
2005.000    209.000      0.676      0.077      0.889      0.889
2005.000    217.000      0.538      0.073      0.567      0.567
2005.000    225.000      0.551      0.070      0.672      0.672
2005.000    233.000      0.730      0.093      0.956      0.956
2005.000    241.000      0.722      0.100      0.978      0.978
2005.000    249.000      0.704      0.109      0.844      0.844
2005.000    257.000      0.646      0.108      0.678      0.678
2005.000    265.000      0.652      0.097      0.944      0.944
2005.000    273.000      0.632      0.102      0.911      0.911
2005.000    281.000      0.496      0.070      0.650      0.650
2005.000    289.000      0.653      0.092      0.811      0.811
2005.000    297.000      0.570      0.088      0.311      0.311
2005.000    305.000      0.666      0.093      0.867      0.867
2005.000    313.000      0.494      0.086      0.561      0.561
2005.000    321.000      0.580      0.087      0.478      0.478
2005.000    329.000      0.609      0.096      0.553      0.553
2005.000    337.000      0.513      0.091      0.264      0.000
2005.000    345.000      0.606      0.100      0.522      0.000
2005.000    353.000      0.559      0.096      0.639      0.000
2005.000    361.000      0.541      0.085      0.478      0.000
2006.000      1.000      0.558      0.076      0.611      0.000
2006.000      9.000      0.537      0.093      0.569      0.000
2006.000     17.000      0.514      0.094      0.461      0.000
2006.000     25.000      0.499      0.076      0.250      0.000
2006.000     33.000      0.408      0.087      0.222      0.000
2006.000     41.000      0.429      0.080      0.306      0.000
2006.000     49.000      0.442      0.074      0.497      0.000
2006.000     57.000      0.481      0.086      0.578      0.000
2006.000     65.000      0.264        NaN      0.250      0.000
2006.000     73.000      0.181        NaN      0.211      0.000
2006.000     81.000      0.232      0.080      0.294      0.000
2006.000     89.000      0.344      0.065      0.394      0.000
2006.000     97.000      0.390      0.087      0.667      0.000
2006.000    105.000      0.464      0.080      0.544      0.544
2006.000    113.000      0.444      0.087      0.800      0.800
2006.000    121.000      0.433      0.089      0.489      0.489
2006.000    129.000      0.476      0.067      0.722      0.722
2006.000    137.000      0.617      0.097      0.533      0.533
2006.000    145.000      0.359      0.064      0.333      0.333
2006.000    153.000      0.636      0.086      0.889      0.889
2006.000    161.000      0.692      0.091      0.733      0.733
2006.000    169.000      0.706      0.090      0.500      0.500
2006.000    177.000      0.463      0.039      0.711      0.711
2006.000    185.000      0.641      0.084      0.844      0.844
2006.000    193.000      0.696      0.090      0.733      0.733
2006.000    201.000      0.606      0.074      0.833      0.833
2006.000    321.000      0.650      0.087      0.567      0.567
2007.000      1.000      0.426      0.083      0.606      0.000
2007.000      9.000      0.527      0.070      0.600      0.000
2007.000     17.000      0.522      0.076      0.444      0.000
2007.000     25.000      0.574      0.083      0.456      0.000
2007.000     33.000      0.500      0.045      0.478      0.000
2007.000     41.000      0.290      0.080      0.583      0.000
2007.000     49.000      0.478      0.067      0.547      0.000
2007.000     57.000      0.271      0.077      0.269      0.000
2007.000     65.000      0.359      0.089      0.506      0.000
2007.000     73.000      0.452      0.081      0.467      0.000
2007.000     81.000      0.310      0.073      0.344      0.000
2007.000     89.000      0.223        NaN      0.411      0.000
2007.000     97.000      0.372      0.089      0.539      0.000
2007.000    105.000      0.342      0.082      0.494      0.494
2007.000    113.000      0.408      0.080      0.678      0.678
2007.000    121.000      0.240      0.085      0.400      0.400
2007.000    129.000      0.458      0.084      0.489      0.489
2007.000    137.000      0.436      0.080      0.456      0.456
2007.000    145.000      0.473      0.092      0.556      0.556
2007.000    153.000      0.600      0.088      0.867      0.867
2007.000    161.000      0.588      0.083      0.933      0.933
2007.000    169.000      0.656      0.094      0.922      0.922
2007.000    177.000      0.648      0.089      0.733      0.733
2007.000    185.000      0.719      0.100      0.589      0.589
2007.000    193.000      0.636      0.084      0.611      0.611
2007.000    201.000      0.634      0.110      0.722      0.722
2007.000    209.000      0.587      0.086      0.589      0.589
2007.000    217.000      0.713      0.092      1.000      1.000
2007.000    225.000      0.743      0.093      0.778      0.778
2007.000    233.000      0.702      0.074      1.000      1.000
2007.000    249.000      0.732      0.101      0.539      0.539
2007.000    257.000      0.719      0.096      0.800      0.800
2007.000    265.000      0.640      0.101      1.000      1.000
2007.000    273.000      0.640      0.103      0.889      0.889
2007.000    281.000      0.619      0.097      0.822      0.822
2007.000    289.000      0.594      0.098      0.544      0.544
2007.000    297.000      0.653      0.092      0.867      0.867
2007.000    305.000      0.677      0.098      0.744      0.744
2007.000    313.000      0.637      0.097      0.678      0.678
2007.000    321.000      0.664      0.103      0.567      0.567
2007.000    329.000      0.541      0.102      0.250      0.000
2007.000    337.000      0.593      0.088      0.600      0.000
2008.000      9.000      0.422      0.048      0.358      0.358
2008.000     17.000      0.464      0.100      0.631      0.631
2008.000     25.000      0.438      0.081      0.650      0.650
2008.000     33.000      0.170      0.100      0.250      0.250
2008.000     41.000      0.360      0.074      0.439      0.439
2008.000     49.000      0.421      0.094      0.606      0.606
2008.000     57.000      0.361      0.089      0.375      0.375
2008.000     65.000      0.324      0.092      0.211      0.211
2008.000     73.000      0.310      0.094      0.194      0.194
2008.000     81.000      0.351      0.084      0.281      0.281
2008.000     89.000      0.281      0.082      0.578      0.578
2008.000     97.000      0.147        NaN      0.300      0.300
2008.000    105.000      0.293      0.077      0.447      0.447
2008.000    113.000      0.324      0.093      0.600      0.600
2008.000    121.000      0.381      0.077      0.456      0.456
2008.000    129.000      0.363      0.064      0.528      0.528
2008.000    137.000      0.413      0.091      0.567      0.567
2008.000    145.000      0.590      0.096      0.411      0.411
2008.000    153.000      0.518      0.097      0.722      0.722
2008.000    161.000      0.633      0.114      0.617      0.617
2008.000    169.000      0.479      0.070      0.722      0.722
2008.000    177.000      0.666      0.088      0.844      0.844
2008.000    185.000      0.523      0.077      0.528      0.528
2008.000    193.000      0.698      0.080      0.533      0.533
2008.000    201.000      0.679      0.079      0.656      0.656
2008.000    209.000      0.598      0.091      0.878      0.878
2008.000    217.000      0.718      0.090      0.417      0.417
2008.000    225.000      0.716      0.096      1.000      1.000
2008.000    233.000      0.733      0.110      0.944      0.944
2008.000    241.000      0.706      0.096      1.000      1.000
2008.000    249.000      0.722      0.086      1.000      1.000
2008.000    257.000      0.723      0.089      0.778      0.778
2008.000    265.000      0.616      0.086      0.800      0.800
2008.000    273.000      0.583      0.091      0.811      0.811
2008.000    281.000      0.603      0.092      1.000      1.000
2008.000    289.000      0.609      0.091      0.922      0.922
2008.000    297.000      0.646      0.096      0.733      0.733
2008.000    305.000      0.682      0.099      0.956      0.956
2008.000    313.000      0.519      0.089      0.778      0.778
2008.000    321.000      0.669      0.110      0.867      0.867
2008.000    329.000      0.557      0.080      0.539      0.539
2008.000    337.000      0.522      0.090      0.556      0.556
2008.000    345.000      0.498      0.098      0.644      0.644
2008.000    353.000      0.400      0.090      0.478      0.478
2008.000    361.000      0.603      0.082      0.578      0.578
2009.000      1.000      0.556      0.080      0.583      0.583
2009.000      9.000      0.374      0.040      0.500      0.500
2009.000     17.000      0.597      0.087      0.444      0.444
2009.000     25.000      0.437      0.071      0.364      0.364
2009.000     33.000      0.504      0.069      0.572      0.572
2009.000     41.000      0.421      0.097      0.364      0.364
2009.000     49.000      0.454      0.076      0.608      0.608
2009.000     57.000      0.500      0.081      0.636      0.636
2009.000     65.000      0.527      0.091      0.417      0.417
2009.000     73.000      0.384      0.066      0.511      0.511
2009.000     81.000      0.361      0.096      0.392      0.392
2009.000     89.000      0.193        NaN      0.319      0.319
2009.000     97.000      0.278      0.072      0.578      0.578
2009.000    105.000      0.186      0.077      0.389      0.389
2009.000    113.000      0.290      0.083      0.439      0.439
2009.000    121.000      0.386      0.075      0.567      0.567
2009.000    129.000      0.457      0.077      0.489      0.489
2009.000    137.000      0.556      0.096      0.389      0.389
2009.000    145.000      0.541      0.080      0.444      0.444
2009.000    153.000      0.371      0.040      0.544      0.544
2009.000    161.000      0.209      0.090      0.361      0.361
2009.000    169.000      0.659      0.091      0.689      0.689
2009.000    177.000      0.618      0.057      0.672      0.672
2009.000    185.000      0.727      0.103      0.911      0.911
2009.000    193.000      0.646      0.082      0.978      0.978
2009.000    201.000      0.532      0.062      0.822      0.822
2009.000    217.000      0.709      0.093      0.911      0.911
2009.000    225.000      0.724      0.072      0.756      0.756
2009.000    233.000      0.706      0.122      0.944      0.944
2009.000    241.000      0.567      0.082      0.583      0.583
2009.000    249.000      0.693      0.107      1.000      1.000
2009.000    257.000      0.637      0.093      0.850      0.850
2009.000    265.000      0.644      0.102      0.789      0.789
2009.000    273.000      0.599      0.093      0.603      0.603
2009.000    281.000      0.563      0.096      0.444      0.444
2009.000    289.000      0.598      0.082      0.867      0.867
2009.000    297.000      0.516      0.074      0.750      0.750
2009.000    305.000      0.643      0.101      0.511      0.511
2009.000    313.000      0.644      0.096      0.556      0.556
2009.000    321.000      0.601      0.092      0.572      0.572
2009.000    329.000      0.647      0.081      0.833      0.833
2009.000    345.000      0.413      0.048      0.311      0.311
2009.000    353.000      0.583      0.091      0.589      0.589
2009.000    361.000      0.443      0.083      0.342      0.342
2010.000      1.000      0.359      0.054      0.478      0.478
2010.000      9.000      0.588      0.084      0.706      0.706
2010.000     17.000      0.467      0.075      0.511      0.511
2010.000     25.000      0.567      0.081      0.517      0.517
2010.000     33.000      0.287      0.098      0.533      0.533
2010.000     41.000      0.371      0.080      0.392      0.392
2010.000     49.000      0.157      0.070      0.222      0.222
2010.000     57.000      0.404      0.091      0.431      0.431
2010.000     65.000      0.392      0.097      0.400      0.400
2010.000     73.000      0.358      0.083      0.397      0.397
2010.000     81.000      0.290      0.100      0.469      0.469
2010.000     89.000      0.302      0.100      0.406      0.406
2010.000     97.000      0.300      0.082      0.572      0.572
2010.000    105.000      0.308      0.074      0.633      0.633
2010.000    113.000      0.257      0.071      0.411      0.411
2010.000    121.000      0.261      0.038      0.331      0.331
2010.000    145.000      0.521      0.079      0.400      0.400
2010.000    153.000      0.570      0.081      0.844      0.844
2010.000    161.000      0.599      0.088      0.783      0.783
2010.000    169.000      0.722      0.099      0.500      0.500
2010.000    177.000      0.696      0.096      0.889      0.889
2010.000    193.000      0.698      0.099      0.889      0.889
2010.000    201.000      0.693      0.098      0.933      0.933
2010.000    209.000      0.698      0.090      0.767      0.767
2010.000    217.000      0.706      0.084      0.800      0.800
2010.000    225.000      0.772      0.110      0.639      0.639
2010.000    233.000      0.734      0.079      1.000      1.000
2010.000    241.000      0.708      0.100      0.933      0.933
2010.000    249.000      0.750      0.096      0.867      0.867
2010.000    257.000      0.692      0.102      1.000      1.000
2010.000    265.000      0.681      0.093      0.556      0.556
2010.000    273.000      0.633      0.103      0.978      0.978
2010.000    281.000      0.631      0.097      0.944      0.944
2010.000    289.000      0.636      0.104      0.889      0.889
2010.000    297.000      0.501      0.070      0.617      0.617
2010.000    305.000      0.664      0.092      0.689      0.689
2010.000    313.000      0.416      0.068      0.283      0.283
2010.000    321.000      0.599      0.088      0.428      0.428
2010.000    329.000      0.598      0.091      0.631      0.631
2010.000    337.000      0.536      0.097      0.622      0.622
2010.000    353.000      0.527      0.093      0.494      0.494
2010.000    361.000      0.361      0.063      0.444      0.444
2011.000      1.000      0.436      0.067      0.425      0.425
2011.000      9.000      0.474      0.094      0.569      0.569
2011.000     17.000      0.391      0.069      0.533      0.533
2011.000     25.000      0.438      0.112      0.453      0.453
2011.000     33.000      0.264      0.058      0.583      0.583
2011.000     41.000      0.454      0.064      0.467      0.467
2011.000     49.000      0.442      0.062      0.442      0.442
2011.000     57.000      0.376      0.101      0.278      0.278
2011.000     65.000      0.294      0.073      0.378      0.378
2011.000     73.000      0.386      0.092      0.639      0.639
